# P-values	0.001	0.0005	0.0001
AHR_HUMAN.H11MO.0.B	3.3775000000000004	3.9836850000000004	5.25972
AIRE_HUMAN.H11MO.0.C	5.64711	6.369009999999999	7.849410000000001
ALX1_HUMAN.H11MO.0.B	5.600009999999999	6.364215	7.75592
ALX3_HUMAN.H11MO.0.D	4.704079999999999	5.880364999999999	8.139769999999999
ALX4_HUMAN.H11MO.0.D	-0.47022	1.48191	5.282775
ANDR_HUMAN.H11MO.0.A	5.40531	6.333959999999999	8.27016
ANDR_HUMAN.H11MO.1.A	4.59016	5.53491	7.47946
ANDR_HUMAN.H11MO.2.A	5.623315	6.4930699999999995	7.874385
AP2A_HUMAN.H11MO.0.A	4.2035599999999995	5.399509999999999	7.709960000000001
AP2B_HUMAN.H11MO.0.B	4.229699999999999	4.929755	6.3264
AP2C_HUMAN.H11MO.0.A	3.55351	4.74596	7.15906
AP2D_HUMAN.H11MO.0.D	3.1625199999999998	3.88631	5.38938
ARI3A_HUMAN.H11MO.0.D	5.746309999999999	6.75216	8.85931
ARI5B_HUMAN.H11MO.0.C	5.153625	5.72681	6.88597
ARNT2_HUMAN.H11MO.0.D	4.137815	4.7582699999999996	6.011915
ARNT_HUMAN.H11MO.0.B	3.084425	3.7737999999999996	5.68522
ARX_HUMAN.H11MO.0.D	3.58586	4.95613	7.73794
ASCL1_HUMAN.H11MO.0.A	3.95131	4.99941	7.40671
ASCL2_HUMAN.H11MO.0.D	4.15126	5.14156	7.728999999999999
ATF1_HUMAN.H11MO.0.B	4.35877	5.04232	6.300285
ATF2_HUMAN.H11MO.0.B	4.5273	5.4010549999999995	7.162715
ATF2_HUMAN.H11MO.1.B	-1.4510399999999999	0.34185999999999994	4.19651
ATF2_HUMAN.H11MO.2.C	-0.035320000000000004	1.00691	4.28451
ATF3_HUMAN.H11MO.0.A	3.7810750000000004	4.589980000000001	6.147494999999999
ATF4_HUMAN.H11MO.0.A	2.69043	4.2463999999999995	6.90517
ATF6A_HUMAN.H11MO.0.B	3.07294	3.9422949999999997	5.72504
ATF7_HUMAN.H11MO.0.D	-3.41124	-1.59409	2.090675
ATOH1_HUMAN.H11MO.0.B	4.103135	5.179365	7.792755
BACH1_HUMAN.H11MO.0.A	3.3833599999999997	4.45656	6.678415
BACH2_HUMAN.H11MO.0.A	4.3408549999999995	5.36509	7.42235
BARH1_HUMAN.H11MO.0.D	4.537215	5.642025	7.847345000000001
BARH2_HUMAN.H11MO.0.D	4.48876	5.6147100000000005	7.964460000000001
BARX1_HUMAN.H11MO.0.D	6.000005	6.774345	8.319975
BARX2_HUMAN.H11MO.0.D	5.65895	6.349	7.53434
BATF3_HUMAN.H11MO.0.B	5.387359999999999	6.28326	8.11431
BATF_HUMAN.H11MO.0.A	5.16881	6.118510000000001	8.04386
BATF_HUMAN.H11MO.1.A	5.087395	6.005205	7.932855
BC11A_HUMAN.H11MO.0.A	5.72026	6.528309999999999	8.20076
BCL6B_HUMAN.H11MO.0.D	3.639105	4.514785	6.79574
BCL6_HUMAN.H11MO.0.A	5.35816	6.239965	8.04784
BHA15_HUMAN.H11MO.0.B	3.974375	5.08437	7.289
BHE22_HUMAN.H11MO.0.D	0.645765	2.5764050000000003	5.64242
BHE23_HUMAN.H11MO.0.D	5.2767599999999995	5.808865	6.843870000000001
BHE40_HUMAN.H11MO.0.A	3.5601650000000005	4.4435649999999995	6.05724
BHE41_HUMAN.H11MO.0.D	4.20561	4.9848099999999995	6.6135600000000005
BMAL1_HUMAN.H11MO.0.A	3.960135	4.810655	6.480145
BPTF_HUMAN.H11MO.0.D	5.8113399999999995	6.3795850000000005	7.4586749999999995
BRAC_HUMAN.H11MO.0.A	5.10091	5.93521	7.654960000000001
BRAC_HUMAN.H11MO.1.B	5.503475	6.331799999999999	7.87251
BRCA1_HUMAN.H11MO.0.D	5.37613	5.996	7.243515
BSH_HUMAN.H11MO.0.D	5.70596	6.481310000000001	7.9645600000000005
CDC5L_HUMAN.H11MO.0.D	5.31386	5.94516	7.27229
CDX1_HUMAN.H11MO.0.C	5.4783	5.931900000000001	6.798299999999999
CDX2_HUMAN.H11MO.0.A	5.6422799999999995	6.439674999999999	8.029655
CEBPA_HUMAN.H11MO.0.A	4.886215	6.15834	8.22461
CEBPB_HUMAN.H11MO.0.A	4.31214	5.663345	8.166715
CEBPD_HUMAN.H11MO.0.C	5.262345	6.037519999999999	7.59178
CEBPE_HUMAN.H11MO.0.A	5.429615	6.236175	7.663335
CEBPG_HUMAN.H11MO.0.B	3.951815	5.18082	7.561405000000001
CEBPZ_HUMAN.H11MO.0.D	4.8097449999999995	5.6819500000000005	7.7110899999999996
CENPB_HUMAN.H11MO.0.D	-1.8460900000000002	-0.50389	2.30651
CLOCK_HUMAN.H11MO.0.C	4.72441	5.3209599999999995	6.53251
COE1_HUMAN.H11MO.0.A	4.05181	5.21446	7.596660000000001
COT1_HUMAN.H11MO.0.C	4.46536	5.41076	7.341660000000001
COT1_HUMAN.H11MO.1.C	4.68411	5.66151	7.5910150000000005
COT2_HUMAN.H11MO.0.A	5.10141	6.04226	7.900925
COT2_HUMAN.H11MO.1.A	5.00681	5.86721	7.625910000000001
CPEB1_HUMAN.H11MO.0.D	3.77611	5.26266	8.366710000000001
CR3L1_HUMAN.H11MO.0.D	-8.41383	-6.59264	-0.8315299999999999
CR3L2_HUMAN.H11MO.0.D	1.44321	2.5145099999999996	4.72487
CREB1_HUMAN.H11MO.0.A	4.136895	4.956785	6.48309
CREB3_HUMAN.H11MO.0.D	1.728175	2.7835650000000003	5.0398499999999995
CREB5_HUMAN.H11MO.0.D	-0.6885749999999999	0.840625	3.9113249999999997
CREM_HUMAN.H11MO.0.C	4.25071	5.021565000000001	6.6308050000000005
CRX_HUMAN.H11MO.0.B	5.345415	6.18086	7.862315000000001
CTCFL_HUMAN.H11MO.0.A	1.36056	2.54331	5.03096
CTCF_HUMAN.H11MO.0.A	0.47931	1.83026	4.671659999999999
CUX1_HUMAN.H11MO.0.C	4.8174600000000005	5.5183599999999995	6.857010000000001
CUX2_HUMAN.H11MO.0.D	5.733105	6.423265	7.8213550000000005
CXXC1_HUMAN.H11MO.0.D	4.287835	4.494199999999999	5.29617
DBP_HUMAN.H11MO.0.B	5.302015	5.981545	7.21157
DDIT3_HUMAN.H11MO.0.D	4.954185	6.030145	7.652005
DLX1_HUMAN.H11MO.0.D	6.10426	6.948160000000001	8.57666
DLX2_HUMAN.H11MO.0.D	5.27898	5.607984999999999	6.971335
DLX3_HUMAN.H11MO.0.C	5.339465000000001	6.134085	7.78654
DLX4_HUMAN.H11MO.0.D	5.06576	6.43136	8.65991
DLX5_HUMAN.H11MO.0.D	5.609204999999999	6.264595	7.548579999999999
DLX6_HUMAN.H11MO.0.D	5.9585099999999995	6.902410000000001	8.523109999999999
DMBX1_HUMAN.H11MO.0.D	5.87336	6.68226	8.36571
DMRT1_HUMAN.H11MO.0.D	3.9943600000000004	5.111409999999999	7.451360000000001
DPRX_HUMAN.H11MO.0.D	3.2201649999999997	4.669335	7.539075
DRGX_HUMAN.H11MO.0.D	2.29134	3.8719300000000003	7.079980000000001
DUX4_HUMAN.H11MO.0.A	2.850515	4.2424550000000005	7.15412
DUXA_HUMAN.H11MO.0.D	3.841325	5.02776	7.870004999999999
E2F1_HUMAN.H11MO.0.A	3.0423099999999996	3.95286	5.90366
E2F2_HUMAN.H11MO.0.B	3.702885	4.309794999999999	5.565004999999999
E2F3_HUMAN.H11MO.0.A	4.837059999999999	5.6027000000000005	7.190025
E2F4_HUMAN.H11MO.0.A	2.82606	3.7737099999999995	5.65981
E2F4_HUMAN.H11MO.1.A	3.21476	4.048209999999999	5.78961
E2F5_HUMAN.H11MO.0.B	3.7656799999999997	4.419175	6.047885
E2F6_HUMAN.H11MO.0.A	4.08261	4.97356	6.791360000000001
E2F7_HUMAN.H11MO.0.B	4.2477599999999995	5.11951	6.7835600000000005
E2F8_HUMAN.H11MO.0.D	5.095409999999999	5.75196	7.08108
E4F1_HUMAN.H11MO.0.D	3.94815	4.318059999999999	5.480404999999999
EGR1_HUMAN.H11MO.0.A	3.70186	4.59041	6.426159999999999
EGR2_HUMAN.H11MO.0.A	3.69461	4.65321	6.67211
EGR2_HUMAN.H11MO.1.A	3.33796	4.32961	6.39606
EGR3_HUMAN.H11MO.0.D	4.718505	5.358875	6.743919999999999
EGR4_HUMAN.H11MO.0.D	3.94428	4.654295	6.2848500000000005
EHF_HUMAN.H11MO.0.B	3.5522099999999996	4.83746	7.609660000000001
ELF1_HUMAN.H11MO.0.A	3.42736	4.57166	6.8041100000000005
ELF2_HUMAN.H11MO.0.C	3.7992099999999995	4.7671600000000005	6.785965
ELF3_HUMAN.H11MO.0.A	4.36626	5.553509999999999	7.93716
ELF5_HUMAN.H11MO.0.A	4.14611	5.32071	7.6520600000000005
ELK1_HUMAN.H11MO.0.B	3.3296599999999996	4.37537	6.45664
ELK3_HUMAN.H11MO.0.D	4.7214100000000006	5.4265799999999995	6.91169
ELK4_HUMAN.H11MO.0.A	3.05632	4.079115	6.101125
EMX1_HUMAN.H11MO.0.D	4.976514999999999	6.1914	8.278334999999998
EMX2_HUMAN.H11MO.0.D	5.0396350000000005	6.182564999999999	8.350415000000002
EOMES_HUMAN.H11MO.0.D	5.273105	6.12471	7.853294999999999
EPAS1_HUMAN.H11MO.0.B	3.56328	4.180965	5.54006
ERG_HUMAN.H11MO.0.A	4.42146	5.52416	7.769625
ERR1_HUMAN.H11MO.0.A	4.0839099999999995	5.22556	7.49891
ERR2_HUMAN.H11MO.0.A	4.21353	5.53992	7.9847100000000015
ERR3_HUMAN.H11MO.0.B	5.1306650000000005	5.86224	7.29754
ESR1_HUMAN.H11MO.0.A	3.7488099999999998	4.76291	6.8887100000000006
ESR1_HUMAN.H11MO.1.A	4.59636	5.721335	7.64085
ESR2_HUMAN.H11MO.0.A	3.9938599999999997	4.9040099999999995	6.803610000000001
ESR2_HUMAN.H11MO.1.A	4.48354	5.738239999999999	7.717890000000001
ESX1_HUMAN.H11MO.0.D	4.45406	5.8148599999999995	8.38696
ETS1_HUMAN.H11MO.0.A	3.9936099999999994	5.119059999999999	7.29096
ETS2_HUMAN.H11MO.0.B	5.83606	6.569560000000001	7.852830000000001
ETV1_HUMAN.H11MO.0.A	3.4945950000000003	4.57227	6.627235
ETV2_HUMAN.H11MO.0.B	3.6358099999999998	4.84596	7.3224100000000005
ETV3_HUMAN.H11MO.0.D	5.150615	5.792814999999999	7.12632
ETV4_HUMAN.H11MO.0.B	5.482570000000001	6.459365	7.96073
ETV5_HUMAN.H11MO.0.C	5.51096	6.31131	7.910620000000001
ETV6_HUMAN.H11MO.0.D	5.704815	6.6609549999999995	7.9259900000000005
ETV7_HUMAN.H11MO.0.D	5.73905	6.698405	7.469180000000001
EVI1_HUMAN.H11MO.0.B	4.25411	5.33741	7.6155100000000004
FEV_HUMAN.H11MO.0.B	4.966635	5.50817	6.51399
FEZF1_HUMAN.H11MO.0.C	5.896925	6.700175	8.33259
FIGLA_HUMAN.H11MO.0.D	5.077265	5.87363	7.597005
FLI1_HUMAN.H11MO.0.A	4.10846	5.25511	7.59616
FLI1_HUMAN.H11MO.1.A	4.502409999999999	5.606915	7.97996
FOSB_HUMAN.H11MO.0.A	5.0159400000000005	5.8396550000000005	7.765155
FOSL1_HUMAN.H11MO.0.A	3.3954649999999997	4.617165	7.2456
FOSL2_HUMAN.H11MO.0.A	3.36557	4.66442	7.27316
FOS_HUMAN.H11MO.0.A	4.56737	5.80452	7.443440000000001
FOXA1_HUMAN.H11MO.0.A	4.910175	6.012555	8.251294999999999
FOXA2_HUMAN.H11MO.0.A	4.7095199999999995	5.810255	8.14199
FOXA3_HUMAN.H11MO.0.B	5.16311	6.129415	8.134245
FOXB1_HUMAN.H11MO.0.D	3.1211599999999997	4.42226	7.1109100000000005
FOXC1_HUMAN.H11MO.0.C	5.01861	5.9325600000000005	7.840260000000001
FOXC2_HUMAN.H11MO.0.D	5.555175	6.292730000000001	7.82767
FOXD1_HUMAN.H11MO.0.D	5.5050099999999995	6.23441	7.744810000000001
FOXD2_HUMAN.H11MO.0.D	2.27126	3.80556	6.975710000000001
FOXD3_HUMAN.H11MO.0.D	5.85811	6.506259999999999	7.825060000000001
FOXF1_HUMAN.H11MO.0.D	5.84118	6.520255000000001	7.866545
FOXF2_HUMAN.H11MO.0.D	5.63598	6.37341	7.780895000000001
FOXG1_HUMAN.H11MO.0.D	5.5099599999999995	6.467359999999999	8.44811
FOXH1_HUMAN.H11MO.0.A	5.007635	5.94633	7.55247
FOXI1_HUMAN.H11MO.0.B	3.262295	4.760135	7.44719
FOXJ2_HUMAN.H11MO.0.C	5.67365	6.54547	8.294325
FOXJ3_HUMAN.H11MO.0.A	3.5534649999999997	5.01371	7.85277
FOXJ3_HUMAN.H11MO.1.B	3.74452	5.00718	8.13127
FOXK1_HUMAN.H11MO.0.A	5.814215	6.5601400000000005	7.839080000000001
FOXL1_HUMAN.H11MO.0.D	-2.78564	-0.79574	3.39811
FOXM1_HUMAN.H11MO.0.A	5.70152	6.470185	8.03078
FOXO1_HUMAN.H11MO.0.A	5.66566	6.439635	7.787475
FOXO3_HUMAN.H11MO.0.B	5.13304	6.155575	8.039304999999999
FOXO4_HUMAN.H11MO.0.C	5.80978	6.4679400000000005	8.204515
FOXO6_HUMAN.H11MO.0.D	3.76356	5.09286	7.611610000000001
FOXP1_HUMAN.H11MO.0.A	5.75761	6.5071200000000005	8.06036
FOXP2_HUMAN.H11MO.0.C	5.408565	6.21706	7.78946
FOXP3_HUMAN.H11MO.0.D	5.7988800000000005	6.368965	7.586444999999999
FOXQ1_HUMAN.H11MO.0.C	5.504205000000001	6.369905	8.094745
FUBP1_HUMAN.H11MO.0.D	5.55771	6.316459999999999	7.93424
GABPA_HUMAN.H11MO.0.A	2.97301	4.03316	6.1483099999999995
GATA1_HUMAN.H11MO.0.A	4.68521	5.7275599999999995	7.75616
GATA1_HUMAN.H11MO.1.A	4.692175000000001	5.930955	8.11995
GATA2_HUMAN.H11MO.0.A	4.63011	5.67581	7.775210000000001
GATA2_HUMAN.H11MO.1.A	5.32007	6.13924	7.822125
GATA3_HUMAN.H11MO.0.A	5.8339099999999995	6.650055	8.183
GATA4_HUMAN.H11MO.0.A	5.025895	5.99127	8.02586
GATA5_HUMAN.H11MO.0.D	5.64986	6.28556	7.57596
GATA6_HUMAN.H11MO.0.A	4.66991	5.72827	8.012620000000002
GBX1_HUMAN.H11MO.0.D	5.15621	6.4379100000000005	8.717410000000001
GBX2_HUMAN.H11MO.0.D	5.562659999999999	6.55191	8.51056
GCM1_HUMAN.H11MO.0.D	4.86446	5.53281	6.99066
GCM2_HUMAN.H11MO.0.D	1.61665	2.846705	5.1093
GCR_HUMAN.H11MO.0.A	4.49651	5.45101	7.45031
GCR_HUMAN.H11MO.1.A	5.468014999999999	6.503095	7.988315
GFI1B_HUMAN.H11MO.0.A	5.477785	6.332885	7.94158
GFI1_HUMAN.H11MO.0.C	5.528930000000001	6.431965	8.005635
GLI1_HUMAN.H11MO.0.D	3.63706	4.6736699999999995	6.89959
GLI2_HUMAN.H11MO.0.D	-1.9032850000000001	-0.522125	4.07613
GLI3_HUMAN.H11MO.0.B	4.676895	5.588445	7.035285
GLIS1_HUMAN.H11MO.0.D	2.8881099999999997	3.95091	6.124874999999999
GLIS2_HUMAN.H11MO.0.D	-0.09224	1.4016600000000001	4.4592600000000004
GLIS3_HUMAN.H11MO.0.D	4.32683	5.17638	6.689135
GMEB2_HUMAN.H11MO.0.D	3.1828149999999997	3.835415	5.787545
GRHL1_HUMAN.H11MO.0.D	5.20881	6.00537	7.6404250000000005
GRHL2_HUMAN.H11MO.0.A	4.546609999999999	5.5286550000000005	7.468109999999999
GSC2_HUMAN.H11MO.0.D	4.879335	5.640495	7.052695
GSC_HUMAN.H11MO.0.D	3.915575	5.357015	8.031775
GSX1_HUMAN.H11MO.0.D	5.9901599999999995	6.662310000000001	8.029710000000001
GSX2_HUMAN.H11MO.0.D	5.859310000000001	6.68641	8.394660000000002
HAND1_HUMAN.H11MO.0.D	4.80861	5.776909999999999	7.749160000000001
HAND1_HUMAN.H11MO.1.D	5.425375	6.18759	7.092065
HBP1_HUMAN.H11MO.0.D	5.459665	5.94482	7.173715
HEN1_HUMAN.H11MO.0.C	1.8099599999999998	2.94971	5.36536
HES1_HUMAN.H11MO.0.D	4.156409999999999	4.7996099999999995	6.10286
HES5_HUMAN.H11MO.0.D	-4.41079	-2.538725	1.15496
HES7_HUMAN.H11MO.0.D	-1.984375	-0.73708	2.61982
HESX1_HUMAN.H11MO.0.D	4.574260000000001	5.1891099999999994	6.46001
HEY1_HUMAN.H11MO.0.D	2.227265	3.16991	5.151865
HEY2_HUMAN.H11MO.0.D	3.6139099999999997	4.35871	5.92941
HIC1_HUMAN.H11MO.0.C	4.583645000000001	5.361604999999999	7.256879999999999
HIC2_HUMAN.H11MO.0.D	4.22987	5.08536	7.686695
HIF1A_HUMAN.H11MO.0.C	4.2985500000000005	4.892245	6.057335
HINFP_HUMAN.H11MO.0.C	2.54251	3.36476	5.07346
HLF_HUMAN.H11MO.0.C	4.532259999999999	5.3476099999999995	7.0109200000000005
HLTF_HUMAN.H11MO.0.D	5.3142700000000005	5.92153	7.11768
HMBX1_HUMAN.H11MO.0.D	5.326785000000001	6.1991	7.63968
HME1_HUMAN.H11MO.0.D	4.36251	5.60551	8.24326
HME2_HUMAN.H11MO.0.D	5.005665	5.33592	5.99177
HMGA1_HUMAN.H11MO.0.D	5.746700000000001	6.063829999999999	6.42358
HMGA2_HUMAN.H11MO.0.D	4.18141	5.21481	7.3510100000000005
HMX1_HUMAN.H11MO.0.D	5.4295599999999995	6.39976	8.43506
HMX2_HUMAN.H11MO.0.D	5.699925	6.50901	8.079955
HMX3_HUMAN.H11MO.0.D	4.983945	6.139754999999999	8.403165000000001
HNF1A_HUMAN.H11MO.0.C	5.28481	6.18446	8.057110000000002
HNF1B_HUMAN.H11MO.0.A	4.5054099999999995	5.55861	7.7416100000000005
HNF1B_HUMAN.H11MO.1.A	4.822785	5.87346	8.042885
HNF4A_HUMAN.H11MO.0.A	4.28126	5.36111	7.616115000000001
HNF4G_HUMAN.H11MO.0.B	4.62266	5.66506	7.792210000000001
HNF6_HUMAN.H11MO.0.B	4.428395	5.398569999999999	8.36759
HOMEZ_HUMAN.H11MO.0.D	3.10296	4.15966	6.27551
HSF1_HUMAN.H11MO.0.A	3.7850099999999998	4.94471	7.37701
HSF1_HUMAN.H11MO.1.A	5.56362	6.485855	7.978755
HSF2_HUMAN.H11MO.0.A	5.07656	5.800409999999999	7.319615000000001
HSF4_HUMAN.H11MO.0.D	0.48061000000000004	2.11916	5.51961
HSFY1_HUMAN.H11MO.0.D	2.8678150000000002	4.131775	6.431965
HTF4_HUMAN.H11MO.0.A	4.891395	5.764195	7.557955
HXA10_HUMAN.H11MO.0.C	5.5354149999999995	6.17003	7.446420000000001
HXA11_HUMAN.H11MO.0.D	6.29676	7.053660000000001	8.460225
HXA13_HUMAN.H11MO.0.C	5.494975	6.128345	7.451034999999999
HXA1_HUMAN.H11MO.0.C	5.23413	6.090565	7.569755
HXA2_HUMAN.H11MO.0.D	5.431089999999999	6.32965	7.883645
HXA5_HUMAN.H11MO.0.D	5.62316	6.339055	7.903969999999999
HXA7_HUMAN.H11MO.0.D	5.19341	5.80086	7.06526
HXA9_HUMAN.H11MO.0.B	5.419735	6.305205	8.03659
HXB13_HUMAN.H11MO.0.A	5.67822	6.529845	8.210155
HXB1_HUMAN.H11MO.0.D	4.85384	5.5305599999999995	7.8111950000000006
HXB2_HUMAN.H11MO.0.D	3.20911	4.44571	7.031465000000001
HXB3_HUMAN.H11MO.0.D	5.90626	6.717960000000001	8.330515
HXB4_HUMAN.H11MO.0.B	5.72718	6.63996	7.2669250000000005
HXB6_HUMAN.H11MO.0.D	5.58711	6.33591	7.91
HXB7_HUMAN.H11MO.0.C	5.406445	6.5460899999999995	7.97335
HXB8_HUMAN.H11MO.0.C	5.424315	6.481574999999999	8.03746
HXC10_HUMAN.H11MO.0.D	6.331160000000001	7.143260000000001	8.724710000000002
HXC11_HUMAN.H11MO.0.D	5.191084999999999	5.884565	7.3014399999999995
HXC12_HUMAN.H11MO.0.D	5.36941	6.3203700000000005	8.04429
HXC13_HUMAN.H11MO.0.D	5.407355	6.400225000000001	7.88678
HXC6_HUMAN.H11MO.0.D	5.43871	6.2135	8.312930000000001
HXC8_HUMAN.H11MO.0.D	5.569459999999999	6.18361	7.425675
HXC9_HUMAN.H11MO.0.C	5.67182	6.504605	8.288225
HXD10_HUMAN.H11MO.0.D	5.693815000000001	6.248405	7.2786
HXD11_HUMAN.H11MO.0.D	5.925039999999999	6.477065	7.41967
HXD12_HUMAN.H11MO.0.D	6.193670000000001	6.625185	7.331185
HXD13_HUMAN.H11MO.0.D	5.468895	6.036715	7.195065
HXD3_HUMAN.H11MO.0.D	5.533715000000001	6.3199950000000005	7.702660000000001
HXD4_HUMAN.H11MO.0.D	5.524315	6.130240000000001	6.96466
HXD8_HUMAN.H11MO.0.D	5.901059999999999	6.51161	7.595505000000001
HXD9_HUMAN.H11MO.0.D	5.620185	6.294295	7.580705
ID4_HUMAN.H11MO.0.D	5.014175	5.5775749999999995	7.322825
IKZF1_HUMAN.H11MO.0.C	5.458805	6.317705	7.486165
INSM1_HUMAN.H11MO.0.C	3.763525	4.808515	6.9655249999999995
IRF1_HUMAN.H11MO.0.A	4.0016099999999994	5.292009999999999	7.95816
IRF2_HUMAN.H11MO.0.A	3.06236	4.426159999999999	7.250660000000001
IRF3_HUMAN.H11MO.0.B	5.207559999999999	6.24506	8.39781
IRF4_HUMAN.H11MO.0.A	4.01941	5.19111	7.637310000000001
IRF5_HUMAN.H11MO.0.D	5.24361	6.1978599999999995	8.22606
IRF7_HUMAN.H11MO.0.C	5.79699	6.61635	7.80841
IRF8_HUMAN.H11MO.0.B	3.7850099999999998	5.03496	7.63016
IRF9_HUMAN.H11MO.0.C	5.469135	6.2544249999999995	7.698035
IRX2_HUMAN.H11MO.0.D	4.9924599999999995	5.682359999999999	7.07326
IRX3_HUMAN.H11MO.0.D	5.7742	6.462384999999999	7.69877
ISL1_HUMAN.H11MO.0.A	5.618655	6.218785	7.029075
ISL2_HUMAN.H11MO.0.D	5.57117	6.518235000000001	8.10872
ISX_HUMAN.H11MO.0.D	4.88366	6.23091	8.77171
ITF2_HUMAN.H11MO.0.C	4.89238	5.799665	7.429869999999999
JDP2_HUMAN.H11MO.0.D	0.010415	1.40107	4.26419
JUNB_HUMAN.H11MO.0.A	4.55932	5.654745	7.436135
JUND_HUMAN.H11MO.0.A	4.0975	5.26121	7.266405
JUN_HUMAN.H11MO.0.A	3.92043	5.219525000000001	7.209595
KAISO_HUMAN.H11MO.0.A	1.9869599999999998	2.8354099999999995	4.64266
KAISO_HUMAN.H11MO.1.A	3.04132	3.807415	5.320975000000001
KAISO_HUMAN.H11MO.2.A	3.5441149999999997	4.740525	7.305765
KLF12_HUMAN.H11MO.0.C	1.9367799999999997	3.12678	5.555855
KLF13_HUMAN.H11MO.0.D	-1.41253	1.00677	4.08962
KLF14_HUMAN.H11MO.0.D	0.26231	1.6902099999999998	4.55973
KLF15_HUMAN.H11MO.0.A	2.07366	3.31451	5.904109999999999
KLF16_HUMAN.H11MO.0.D	2.45516	3.48536	5.67656
KLF1_HUMAN.H11MO.0.A	2.37251	3.55896	5.994809999999999
KLF3_HUMAN.H11MO.0.B	2.1392599999999997	3.27721	5.63541
KLF4_HUMAN.H11MO.0.A	2.9184349999999997	4.032195	6.46372
KLF5_HUMAN.H11MO.0.A	3.69721	4.732659999999999	6.855765
KLF6_HUMAN.H11MO.0.A	3.71386	4.624459999999999	6.52151
KLF8_HUMAN.H11MO.0.C	4.495995000000001	5.274675	6.486355
KLF9_HUMAN.H11MO.0.C	0.79966	2.0770599999999995	4.75441
LBX2_HUMAN.H11MO.0.D	4.514234999999999	5.78738	8.09357
LEF1_HUMAN.H11MO.0.A	6.0610599999999994	6.72146	7.983815
LHX2_HUMAN.H11MO.0.A	5.846220000000001	6.620625	7.96899
LHX3_HUMAN.H11MO.0.C	5.15886	6.23021	8.289885000000002
LHX4_HUMAN.H11MO.0.D	6.152569999999999	6.797585	7.961335
LHX6_HUMAN.H11MO.0.D	5.65315	6.625785	8.109895
LHX8_HUMAN.H11MO.0.D	3.77101	5.482609999999999	8.23366
LHX9_HUMAN.H11MO.0.D	4.67426	5.981260000000001	8.502110000000002
LMX1A_HUMAN.H11MO.0.D	6.01166	6.89106	8.73821
LMX1B_HUMAN.H11MO.0.D	5.99136	6.829410000000001	8.583760000000002
LYL1_HUMAN.H11MO.0.A	5.323510000000001	5.93821	7.18261
MAFA_HUMAN.H11MO.0.D	4.607659999999999	5.39841	7.0488100000000005
MAFB_HUMAN.H11MO.0.B	5.38075	6.081440000000001	7.550965
MAFF_HUMAN.H11MO.0.B	5.01576	5.87901	7.710460000000001
MAFF_HUMAN.H11MO.1.B	4.9860050000000005	5.81789	7.551679999999999
MAFG_HUMAN.H11MO.0.A	0.8992100000000001	2.37366	5.485860000000001
MAFG_HUMAN.H11MO.1.A	5.248950000000001	5.864685	7.429425
MAFK_HUMAN.H11MO.0.A	2.67171	3.96751	6.690660000000001
MAFK_HUMAN.H11MO.1.A	4.321009999999999	5.28767	7.29285
MAF_HUMAN.H11MO.0.A	5.20876	6.08711	7.885810000000001
MAF_HUMAN.H11MO.1.B	5.13186	6.124365	7.77758
MAX_HUMAN.H11MO.0.A	3.7895000000000003	4.64098	6.277785
MAZ_HUMAN.H11MO.0.A	3.6006099999999996	4.64331	6.83361
MAZ_HUMAN.H11MO.1.A	2.864485	4.11936	6.69175
MBD2_HUMAN.H11MO.0.B	1.8516	2.75471	4.512865
MCR_HUMAN.H11MO.0.D	5.29876	5.9200099999999996	7.21081
MECP2_HUMAN.H11MO.0.C	2.99196	3.1750800000000003	5.00486
MEF2A_HUMAN.H11MO.0.A	5.502409999999999	6.47297	8.339369999999999
MEF2B_HUMAN.H11MO.0.A	5.755459999999999	6.594710000000001	8.306365
MEF2C_HUMAN.H11MO.0.A	5.49306	6.42221	8.2904
MEF2D_HUMAN.H11MO.0.A	4.991949999999999	5.994125	8.048765
MEIS1_HUMAN.H11MO.0.A	5.42657	6.2675149999999995	8.034835000000001
MEIS1_HUMAN.H11MO.1.B	5.260465	6.16724	7.485995
MEIS2_HUMAN.H11MO.0.B	3.04281	4.399915	7.27178
MEIS3_HUMAN.H11MO.0.D	4.47014	5.841565	7.979395
MEOX1_HUMAN.H11MO.0.D	4.978009999999999	5.89251	7.76131
MEOX2_HUMAN.H11MO.0.D	5.594725	6.493105	8.201645
MESP1_HUMAN.H11MO.0.D	4.963815	5.628869999999999	7.272645000000001
MGAP_HUMAN.H11MO.0.D	1.46426	2.8303599999999998	5.70581
MITF_HUMAN.H11MO.0.A	2.8417250000000003	4.003665	6.29701
MIXL1_HUMAN.H11MO.0.D	5.604035	6.430725000000001	7.92142
MLXPL_HUMAN.H11MO.0.D	3.72166	4.53461	6.2477599999999995
MLX_HUMAN.H11MO.0.D	-1.289255	-0.359045	1.534825
MNX1_HUMAN.H11MO.0.D	5.84741	6.41086	7.554210000000001
MSX1_HUMAN.H11MO.0.D	4.00371	5.27566	7.881460000000001
MSX2_HUMAN.H11MO.0.D	5.504975	6.04354	6.43296
MTF1_HUMAN.H11MO.0.C	2.8010099999999998	3.7633599999999996	5.795109999999999
MXI1_HUMAN.H11MO.0.A	3.38646	4.2592099999999995	5.95326
MXI1_HUMAN.H11MO.1.A	4.09917	4.884925	6.46541
MYBA_HUMAN.H11MO.0.D	3.44571	4.4711099999999995	6.625860000000001
MYBB_HUMAN.H11MO.0.D	5.012765	5.47832	6.35625
MYB_HUMAN.H11MO.0.A	5.093764999999999	5.983785	7.544090000000001
MYCN_HUMAN.H11MO.0.A	3.32841	4.19721	5.938345
MYC_HUMAN.H11MO.0.A	3.48981	4.437365	6.4146149999999995
MYF6_HUMAN.H11MO.0.C	4.965059999999999	5.42243	7.020125
MYNN_HUMAN.H11MO.0.D	5.0354600000000005	6.035410000000001	8.12436
MYOD1_HUMAN.H11MO.0.A	3.29441	4.47406	7.1033100000000005
MYOD1_HUMAN.H11MO.1.A	3.66962	4.738245	7.375970000000001
MYOG_HUMAN.H11MO.0.B	3.4619599999999995	4.59196	7.1808700000000005
MZF1_HUMAN.H11MO.0.B	5.45306	6.39597	7.97742
NANOG_HUMAN.H11MO.0.A	5.74316	6.616910000000001	8.42866
NANOG_HUMAN.H11MO.1.B	5.42662	6.226055000000001	7.767495
NDF1_HUMAN.H11MO.0.A	3.947985	5.05779	7.516705
NDF2_HUMAN.H11MO.0.B	4.409655000000001	5.5262150000000005	7.67719
NF2L1_HUMAN.H11MO.0.C	5.2556449999999995	6.018565	6.67517
NF2L2_HUMAN.H11MO.0.A	2.44076	3.7462599999999995	6.49641
NFAC1_HUMAN.H11MO.0.B	5.99611	6.823410000000001	8.48641
NFAC1_HUMAN.H11MO.1.B	5.705665	7.01491	8.61487
NFAC2_HUMAN.H11MO.0.B	5.88304	6.9328	8.503540000000001
NFAC3_HUMAN.H11MO.0.B	5.815799999999999	6.42714	7.832795
NFAC4_HUMAN.H11MO.0.C	5.935695	6.71896	7.93427
NFAT5_HUMAN.H11MO.0.D	6.2174499999999995	6.93659	7.84952
NFE2_HUMAN.H11MO.0.A	3.62531	4.69101	6.9407250000000005
NFIA_HUMAN.H11MO.0.C	4.93796	5.75651	7.4474100000000005
NFIA_HUMAN.H11MO.1.D	5.825365	6.46203	6.944719999999999
NFIB_HUMAN.H11MO.0.D	5.45087	6.60951	7.931150000000001
NFIC_HUMAN.H11MO.0.A	4.651909999999999	5.59901	7.539860000000001
NFIC_HUMAN.H11MO.1.A	5.89601	6.81433	7.874454999999999
NFIL3_HUMAN.H11MO.0.D	5.07381	6.00838	7.87937
NFKB1_HUMAN.H11MO.1.B	3.99808	5.06235	7.297645
NFKB2_HUMAN.H11MO.0.B	4.421455	5.459325	7.53627
NFYA_HUMAN.H11MO.0.A	4.24681	5.38936	7.7835149999999995
NFYB_HUMAN.H11MO.0.A	3.619115	4.89301	7.535110000000001
NFYC_HUMAN.H11MO.0.A	5.04551	5.90456	7.654310000000001
NGN2_HUMAN.H11MO.0.D	4.19311	5.240514999999999	7.473025
NKX21_HUMAN.H11MO.0.A	5.27846	6.216044999999999	7.83154
NKX22_HUMAN.H11MO.0.D	5.500675	5.766640000000001	6.218565
NKX23_HUMAN.H11MO.0.D	5.16738	6.135795	7.889045000000001
NKX25_HUMAN.H11MO.0.B	5.508195000000001	5.9641	6.755
NKX28_HUMAN.H11MO.0.C	5.298225	5.848965	7.26813
NKX31_HUMAN.H11MO.0.C	5.58501	6.367315	7.864815
NKX32_HUMAN.H11MO.0.C	4.986695	5.954965	8.10019
NKX61_HUMAN.H11MO.0.B	5.86816	6.72306	8.470410000000001
NKX61_HUMAN.H11MO.1.B	6.56757	6.831025	7.089180000000001
NKX62_HUMAN.H11MO.0.D	5.8134049999999995	6.722339999999999	8.029135
NOBOX_HUMAN.H11MO.0.C	5.432779999999999	6.46477	7.910030000000001
NOTO_HUMAN.H11MO.0.D	5.442265	6.469645	8.250815
NR0B1_HUMAN.H11MO.0.D	4.450699999999999	5.032115	6.125775
NR1D1_HUMAN.H11MO.0.B	5.228009999999999	6.00826	7.6174100000000005
NR1D1_HUMAN.H11MO.1.D	5.298159999999999	6.11669	7.8404799999999994
NR1H2_HUMAN.H11MO.0.D	1.66703	2.9426750000000004	5.71173
NR1H3_HUMAN.H11MO.0.B	4.97006	5.764659999999999	7.436110000000001
NR1H3_HUMAN.H11MO.1.B	5.457255	6.373295	7.751605
NR1H4_HUMAN.H11MO.0.B	3.49636	4.4208099999999995	6.369009999999999
NR1H4_HUMAN.H11MO.1.B	5.27727	6.107435	7.414879999999999
NR1I2_HUMAN.H11MO.0.C	5.167009999999999	6.04576	7.873560000000001
NR1I2_HUMAN.H11MO.1.D	5.59147	6.36738	7.737765
NR1I3_HUMAN.H11MO.0.C	4.910209999999999	5.80166	7.665610000000001
NR1I3_HUMAN.H11MO.1.D	5.255385	6.45153	7.526625
NR2C1_HUMAN.H11MO.0.C	4.836264999999999	5.62771	7.273605
NR2C2_HUMAN.H11MO.0.B	4.230815	5.123915	6.9409350000000005
NR2E1_HUMAN.H11MO.0.D	4.235609999999999	5.34126	7.68186
NR2E3_HUMAN.H11MO.0.C	5.74136	6.55021	8.246755
NR2F6_HUMAN.H11MO.0.D	5.574809999999999	6.32221	7.86031
NR4A1_HUMAN.H11MO.0.A	5.73392	6.33019	7.6665600000000005
NR4A2_HUMAN.H11MO.0.C	5.310615	6.1459649999999995	7.649964999999999
NR4A3_HUMAN.H11MO.0.D	5.320135	5.847885	7.769075
NR5A2_HUMAN.H11MO.0.B	4.494315	5.53427	7.810410000000001
NR6A1_HUMAN.H11MO.0.B	4.254415	5.34412	7.5448450000000005
NRF1_HUMAN.H11MO.0.A	-0.7774399999999999	0.44051000000000007	3.00901
NRL_HUMAN.H11MO.0.D	4.84836	5.689260000000001	7.39072
OLIG1_HUMAN.H11MO.0.D	0.6453800000000001	2.28995	5.63441
OLIG2_HUMAN.H11MO.0.B	5.214309999999999	6.08561	7.849260000000001
OLIG2_HUMAN.H11MO.1.B	5.522065	6.126765	7.233295
OLIG3_HUMAN.H11MO.0.D	3.215325	4.437035	7.129405
ONEC2_HUMAN.H11MO.0.D	5.91171	6.71936	8.418759999999999
ONEC3_HUMAN.H11MO.0.D	3.89307	5.5785350000000005	8.598254999999998
OSR2_HUMAN.H11MO.0.C	4.473459999999999	5.46941	7.42281
OTX1_HUMAN.H11MO.0.D	5.11337	5.892635	6.680255000000001
OTX2_HUMAN.H11MO.0.A	5.335055	6.1928	7.955209999999999
OVOL1_HUMAN.H11MO.0.C	4.81548	5.44968	6.488714999999999
OVOL2_HUMAN.H11MO.0.D	3.247485	3.45179	4.0172799999999995
OZF_HUMAN.H11MO.0.C	-10.36304	-8.231639999999999	-3.66014
P53_HUMAN.H11MO.0.A	2.1943599999999996	3.4412599999999998	6.07681
P53_HUMAN.H11MO.1.A	4.00186	5.05441	7.203270000000001
P5F1B_HUMAN.H11MO.0.D	4.2374600000000004	5.38616	7.779260000000001
P63_HUMAN.H11MO.0.A	2.76506	3.9818599999999997	6.52556
P63_HUMAN.H11MO.1.A	5.00971	5.903969999999999	7.5764
P73_HUMAN.H11MO.0.A	4.16436	5.15531	7.22851
P73_HUMAN.H11MO.1.A	4.814909999999999	5.78941	7.598125
PATZ1_HUMAN.H11MO.0.C	3.36456	4.32191	6.34421
PATZ1_HUMAN.H11MO.1.C	5.072905	5.986935	7.515145
PAX1_HUMAN.H11MO.0.D	0.7587600000000001	2.05961	4.77046
PAX2_HUMAN.H11MO.0.D	4.853809999999999	5.54021	6.96626
PAX3_HUMAN.H11MO.0.D	-2.71663	-0.6746800000000001	3.6394399999999996
PAX4_HUMAN.H11MO.0.D	5.779275	6.483689999999999	7.78688
PAX5_HUMAN.H11MO.0.A	2.81121	3.7737600000000002	5.811859999999999
PAX6_HUMAN.H11MO.0.C	5.13416	5.89856	7.433935
PAX7_HUMAN.H11MO.0.D	1.88726	3.4116099999999996	6.620975
PAX8_HUMAN.H11MO.0.D	4.72021	5.27096	6.384259999999999
PBX1_HUMAN.H11MO.0.A	4.9351199999999995	5.72058	7.26249
PBX1_HUMAN.H11MO.1.C	5.6548099999999994	6.447509999999999	8.10341
PBX2_HUMAN.H11MO.0.C	5.74956	6.4409600000000005	7.868960000000001
PBX3_HUMAN.H11MO.0.A	4.744415	5.52317	7.091735
PBX3_HUMAN.H11MO.1.A	5.186204999999999	6.080715	7.692919999999999
PDX1_HUMAN.H11MO.0.A	5.52064	6.3482400000000005	7.803335000000001
PDX1_HUMAN.H11MO.1.A	5.761045	6.454969999999999	7.880179999999999
PEBB_HUMAN.H11MO.0.C	5.1223849999999995	5.828165	7.228315
PHX2A_HUMAN.H11MO.0.D	3.508575	4.90699	7.650265
PHX2B_HUMAN.H11MO.0.D	4.2733	5.552025	8.03174
PIT1_HUMAN.H11MO.0.C	5.93286	6.63302	8.048425
PITX1_HUMAN.H11MO.0.D	5.626035	6.5964849999999995	7.857245000000001
PITX2_HUMAN.H11MO.0.D	5.47725	6.1096	7.379569999999999
PITX3_HUMAN.H11MO.0.D	4.014609999999999	5.228009999999999	7.691510000000001
PKNX1_HUMAN.H11MO.0.B	4.543395	5.438745	7.25427
PLAG1_HUMAN.H11MO.0.D	4.30671	5.199059999999999	7.047060000000001
PLAL1_HUMAN.H11MO.0.D	4.441825	5.1847449999999995	6.746360000000001
PO2F1_HUMAN.H11MO.0.C	5.57651	6.44026	8.212610000000002
PO2F2_HUMAN.H11MO.0.A	5.43999	6.289745	7.987635
PO2F3_HUMAN.H11MO.0.D	5.30996	6.12651	7.809360000000001
PO3F1_HUMAN.H11MO.0.C	5.68566	6.32821	7.66016
PO3F2_HUMAN.H11MO.0.A	5.395009999999999	6.32351	8.23426
PO3F3_HUMAN.H11MO.0.D	6.22456	6.97146	8.51556
PO3F4_HUMAN.H11MO.0.D	4.148809999999999	5.38906	7.9409600000000005
PO4F1_HUMAN.H11MO.0.D	3.72021	5.01602	7.6752650000000004
PO4F2_HUMAN.H11MO.0.D	5.370675	6.205914999999999	7.93642
PO4F3_HUMAN.H11MO.0.D	2.23096	3.70341	6.76076
PO5F1_HUMAN.H11MO.0.A	5.1955100000000005	6.17716	8.22521
PO5F1_HUMAN.H11MO.1.A	5.58802	6.21744	7.95363
PO6F1_HUMAN.H11MO.0.D	4.843465	5.72772	7.60996
PO6F2_HUMAN.H11MO.0.D	4.52984	5.399675	8.31268
PPARA_HUMAN.H11MO.0.B	5.031359999999999	5.9406099999999995	7.8178600000000005
PPARA_HUMAN.H11MO.1.B	5.466865	6.296735	7.923579999999999
PPARD_HUMAN.H11MO.0.D	5.09206	5.83266	7.393935000000001
PPARG_HUMAN.H11MO.0.A	4.87621	5.79101	7.68961
PPARG_HUMAN.H11MO.1.A	5.534485	6.40947	7.98381
PRD14_HUMAN.H11MO.0.A	4.56371	5.47191	7.3468100000000005
PRDM1_HUMAN.H11MO.0.A	4.8221099999999995	5.90371	8.10987
PRDM4_HUMAN.H11MO.0.D	0.82436	2.29981	5.42446
PRDM6_HUMAN.H11MO.0.C	6.24982	7.156765	8.873955
PRGR_HUMAN.H11MO.0.A	4.96321	5.846509999999999	7.70396
PRGR_HUMAN.H11MO.1.A	5.42202	6.375655	7.783685
PROP1_HUMAN.H11MO.0.D	5.584199999999999	6.496015	8.41371
PROX1_HUMAN.H11MO.0.D	4.398059999999999	5.16831	6.73296
PRRX1_HUMAN.H11MO.0.D	4.831005	5.12609	6.473435
PRRX2_HUMAN.H11MO.0.C	5.31537	6.82732	7.6565
PTF1A_HUMAN.H11MO.0.B	4.3415099999999995	5.322509999999999	7.331060000000001
PTF1A_HUMAN.H11MO.1.B	4.9458649999999995	5.635315	7.3879649999999994
PURA_HUMAN.H11MO.0.D	4.58791	5.24371	6.61576
RARA_HUMAN.H11MO.0.A	4.27501	5.31056	7.44491
RARA_HUMAN.H11MO.1.A	4.706485	5.747809999999999	7.552099999999999
RARA_HUMAN.H11MO.2.A	4.64091	5.478859999999999	7.21771
RARB_HUMAN.H11MO.0.D	4.935895	5.518559999999999	7.51727
RARG_HUMAN.H11MO.0.B	4.66906	5.5042100000000005	7.22161
RARG_HUMAN.H11MO.1.B	5.03162	6.013199999999999	7.63293
RARG_HUMAN.H11MO.2.D	4.72456	5.526159999999999	7.18721
RAX2_HUMAN.H11MO.0.D	5.595644999999999	6.531195	8.35193
RELB_HUMAN.H11MO.0.C	5.20528	5.93136	7.41921
REL_HUMAN.H11MO.0.B	5.33526	6.20916	7.994960000000001
REST_HUMAN.H11MO.0.A	-0.6668399999999999	0.74261	3.76351
RFX1_HUMAN.H11MO.0.B	1.3728099999999999	2.5332099999999995	4.97456
RFX1_HUMAN.H11MO.1.B	3.886965	4.97858	7.21443
RFX2_HUMAN.H11MO.0.A	0.95621	2.31771	5.18676
RFX2_HUMAN.H11MO.1.A	2.983525	4.19496	6.732415
RFX3_HUMAN.H11MO.0.B	1.10071	2.60626	5.70946
RFX4_HUMAN.H11MO.0.D	2.69906	3.8896100000000002	6.37426
RFX5_HUMAN.H11MO.0.A	4.00141	4.9482099999999996	6.937710000000001
RFX5_HUMAN.H11MO.1.A	4.629754999999999	5.523125	7.400885
RHXF1_HUMAN.H11MO.0.D	5.424849999999999	6.144875000000001	7.398009999999999
RORA_HUMAN.H11MO.0.C	5.358560000000001	6.17151	7.703965
RORG_HUMAN.H11MO.0.C	5.031495	5.936115	7.754525
RREB1_HUMAN.H11MO.0.D	3.71601	4.74231	6.910260000000001
RUNX1_HUMAN.H11MO.0.A	4.65005	5.667455	7.74155
RUNX2_HUMAN.H11MO.0.A	4.95536	5.91451	7.855815
RUNX3_HUMAN.H11MO.0.A	4.52173	5.540455	7.71481
RXRA_HUMAN.H11MO.0.A	5.04446	5.86156	7.533760000000001
RXRA_HUMAN.H11MO.1.A	5.307510000000001	6.165945000000001	7.726990000000001
RXRB_HUMAN.H11MO.0.C	5.051119999999999	5.738455	7.072445
RXRG_HUMAN.H11MO.0.B	1.8746099999999997	3.343215	6.2589950000000005
RX_HUMAN.H11MO.0.D	5.1997599999999995	6.351685	8.573765
SALL4_HUMAN.H11MO.0.B	4.790465	5.73309	7.470335
SCRT1_HUMAN.H11MO.0.D	3.84541	4.951575	7.311014999999999
SCRT2_HUMAN.H11MO.0.D	0.687065	2.58038	5.78795
SHOX2_HUMAN.H11MO.0.D	2.80321	4.5923099999999994	8.05596
SHOX_HUMAN.H11MO.0.D	3.24951	5.03386	8.30706
SIX1_HUMAN.H11MO.0.A	4.80936	5.826359999999999	7.8563600000000005
SIX2_HUMAN.H11MO.0.A	5.379415	6.2441699999999996	7.952639999999999
SMAD1_HUMAN.H11MO.0.D	4.965335	5.641365	7.085190000000001
SMAD2_HUMAN.H11MO.0.A	4.88386	5.715225	7.420475
SMAD3_HUMAN.H11MO.0.B	5.339309999999999	5.96137	7.16828
SMAD4_HUMAN.H11MO.0.B	4.49136	5.418810000000001	7.315275
SMCA1_HUMAN.H11MO.0.C	5.82532	6.64992	8.27144
SMCA5_HUMAN.H11MO.0.C	4.60281	5.53331	7.480410000000001
SNAI1_HUMAN.H11MO.0.C	4.877625	5.2235700000000005	6.8922
SNAI2_HUMAN.H11MO.0.A	3.163765	4.044225	5.985405
SOX10_HUMAN.H11MO.0.B	5.47666	6.42291	8.37791
SOX10_HUMAN.H11MO.1.A	5.83816	6.603760000000001	8.094835
SOX11_HUMAN.H11MO.0.D	3.08706	4.38246	7.103710000000001
SOX13_HUMAN.H11MO.0.D	5.296984999999999	5.785195	6.44116
SOX15_HUMAN.H11MO.0.D	5.093	5.940525	7.28455
SOX17_HUMAN.H11MO.0.C	5.648465	6.38035	7.8887599999999996
SOX18_HUMAN.H11MO.0.D	5.57431	6.27281	7.717460000000001
SOX1_HUMAN.H11MO.0.D	4.2958099999999995	5.39706	7.706710000000001
SOX21_HUMAN.H11MO.0.D	3.9431599999999998	5.18576	7.737410000000001
SOX2_HUMAN.H11MO.0.A	5.81351	6.702415	8.36516
SOX2_HUMAN.H11MO.1.A	5.84431	6.71171	8.43576
SOX3_HUMAN.H11MO.0.B	5.468395	6.53043	8.304995000000002
SOX4_HUMAN.H11MO.0.B	5.6095	6.48691	8.241805
SOX5_HUMAN.H11MO.0.C	5.5614799999999995	6.16352	7.777965
SOX7_HUMAN.H11MO.0.D	0.26886	1.88801	5.3289100000000005
SOX8_HUMAN.H11MO.0.D	4.4097100000000005	5.59191	7.99701
SOX9_HUMAN.H11MO.0.B	4.92821	6.02781	8.22356
SOX9_HUMAN.H11MO.1.B	5.789545	6.412044999999999	7.775985
SP1_HUMAN.H11MO.0.A	-3.01649	-1.57409	1.47656
SP1_HUMAN.H11MO.1.A	1.5378600000000002	2.61226	4.8613599999999995
SP2_HUMAN.H11MO.0.A	1.2417600000000002	2.25321	4.38711
SP2_HUMAN.H11MO.1.B	2.801465	3.9386599999999996	6.23043
SP3_HUMAN.H11MO.0.B	2.76361	3.73036	5.71931
SP4_HUMAN.H11MO.0.A	3.57076	4.49116	6.40596
SP4_HUMAN.H11MO.1.A	2.79411	3.9256599999999997	6.27191
SPDEF_HUMAN.H11MO.0.D	4.48496	5.58746	7.380415
SPI1_HUMAN.H11MO.0.A	3.65151	4.93196	7.54891
SPIB_HUMAN.H11MO.0.A	2.80931	4.203860000000001	7.09766
SPIC_HUMAN.H11MO.0.D	5.406359999999999	5.89101	6.8030100000000004
SPZ1_HUMAN.H11MO.0.D	4.197609999999999	4.85096	6.222765
SRBP1_HUMAN.H11MO.0.A	4.7030899999999995	5.50676	7.089475
SRBP2_HUMAN.H11MO.0.B	4.713559999999999	5.45376	6.900120000000001
SRF_HUMAN.H11MO.0.A	4.79906	5.82006	7.94256
SRY_HUMAN.H11MO.0.B	5.965945	6.55035	7.951230000000001
STA5A_HUMAN.H11MO.0.A	4.76133	5.8010399999999995	7.850524999999999
STA5B_HUMAN.H11MO.0.A	5.418139999999999	6.367195000000001	8.432185
STAT1_HUMAN.H11MO.0.A	4.12481	5.26181	7.602360000000001
STAT1_HUMAN.H11MO.1.A	5.37636	6.41411	8.55071
STAT2_HUMAN.H11MO.0.A	4.20671	5.46256	8.043310000000002
STAT3_HUMAN.H11MO.0.A	5.04911	6.017239999999999	7.970115
STAT4_HUMAN.H11MO.0.A	5.672295	6.683770000000001	8.36842
STAT6_HUMAN.H11MO.0.B	5.488389999999999	6.3481950000000005	8.08202
STF1_HUMAN.H11MO.0.B	4.938269999999999	5.81686	7.752504999999999
SUH_HUMAN.H11MO.0.A	5.014525	5.852645000000001	7.438880000000001
TAF1_HUMAN.H11MO.0.A	4.187609999999999	5.02576	6.748010000000001
TAL1_HUMAN.H11MO.0.A	3.89111	5.00076	7.25471
TAL1_HUMAN.H11MO.1.A	5.16136	5.9871099999999995	7.66756
TBP_HUMAN.H11MO.0.A	5.50991	6.21054	7.425275
TBR1_HUMAN.H11MO.0.D	3.65006	4.86986	7.387090000000001
TBX15_HUMAN.H11MO.0.D	2.23731	3.38116	5.78526
TBX19_HUMAN.H11MO.0.D	0.77671	2.16256	5.11031
TBX1_HUMAN.H11MO.0.D	0.92336	2.2260099999999996	4.98221
TBX20_HUMAN.H11MO.0.D	4.51026	5.478009999999999	7.46656
TBX21_HUMAN.H11MO.0.A	5.1708099999999995	5.78736	7.01686
TBX2_HUMAN.H11MO.0.D	4.81581	5.64331	7.3917600000000006
TBX3_HUMAN.H11MO.0.C	5.345275	6.102325	7.4895499999999995
TBX4_HUMAN.H11MO.0.D	3.7904099999999996	4.80486	6.96326
TBX5_HUMAN.H11MO.0.D	5.185775	5.822939999999999	7.440295
TCF7_HUMAN.H11MO.0.A	5.63106	6.48691	8.221060000000001
TEAD1_HUMAN.H11MO.0.A	5.202665	6.1247799999999994	7.9854650000000005
TEAD2_HUMAN.H11MO.0.D	4.71061	5.702335	7.733314999999999
TEAD3_HUMAN.H11MO.0.D	5.690009999999999	6.3327100000000005	7.654960000000001
TEAD4_HUMAN.H11MO.0.A	5.460710000000001	6.32371	8.07572
TEF_HUMAN.H11MO.0.D	5.39326	6.034660000000001	7.374865
TF2LX_HUMAN.H11MO.0.D	4.89391	5.66771	7.30341
TF65_HUMAN.H11MO.0.A	4.27621	5.42106	7.74361
TF7L1_HUMAN.H11MO.0.B	5.821865	6.656915	8.32433
TF7L2_HUMAN.H11MO.0.A	5.372465	6.2904599999999995	8.12298
TFAP4_HUMAN.H11MO.0.A	3.93074	4.893915	8.045165
TFCP2_HUMAN.H11MO.0.D	4.740209999999999	5.40471	6.78176
TFDP1_HUMAN.H11MO.0.C	3.7036599999999997	4.59566	6.43546
TFE2_HUMAN.H11MO.0.A	3.873295	4.938465	7.551995
TFE3_HUMAN.H11MO.0.B	3.1368850000000004	4.17201	6.24072
TFEB_HUMAN.H11MO.0.C	0.68442	1.308265	4.99952
TGIF1_HUMAN.H11MO.0.A	5.451875	5.796595	7.21926
TGIF2_HUMAN.H11MO.0.D	4.314425	5.3866	7.57141
THA11_HUMAN.H11MO.0.B	1.39301	2.6787599999999996	5.426959999999999
THAP1_HUMAN.H11MO.0.C	2.20416	3.14946	5.15126
THA_HUMAN.H11MO.0.C	4.95291	5.65836	7.13856
THA_HUMAN.H11MO.1.D	4.978445	5.796375	7.456814999999999
THB_HUMAN.H11MO.0.C	4.39761	5.27046	7.085260000000001
THB_HUMAN.H11MO.1.D	4.815295000000001	5.60145	7.180575
TLX1_HUMAN.H11MO.0.D	5.044309999999999	5.6631599999999995	6.9417100000000005
TWST1_HUMAN.H11MO.0.A	4.64816	5.68551	7.8365100000000005
TWST1_HUMAN.H11MO.1.A	5.08278	6.04882	7.83901
TYY1_HUMAN.H11MO.0.A	2.269565	3.5155199999999995	6.253394999999999
TYY2_HUMAN.H11MO.0.D	2.9781649999999997	4.05184	6.1020199999999996
UBIP1_HUMAN.H11MO.0.D	4.848215	5.543895	5.60469
UNC4_HUMAN.H11MO.0.D	3.806075	5.073600000000001	7.67765
USF1_HUMAN.H11MO.0.A	1.43741	2.7350149999999998	5.317915
USF2_HUMAN.H11MO.0.A	0.79851	2.0526599999999995	4.62011
VAX1_HUMAN.H11MO.0.D	4.73541	5.75796	7.89791
VAX2_HUMAN.H11MO.0.D	5.31321	6.1220099999999995	7.79166
VDR_HUMAN.H11MO.0.A	4.22006	5.18646	7.182410000000001
VDR_HUMAN.H11MO.1.A	5.171985	6.153314999999999	7.8810649999999995
VENTX_HUMAN.H11MO.0.D	5.320460000000001	6.295909999999999	8.218710000000002
VEZF1_HUMAN.H11MO.0.C	4.28046	5.225160000000001	7.2161100000000005
VEZF1_HUMAN.H11MO.1.C	5.29712	6.03856	7.45673
VSX1_HUMAN.H11MO.0.D	5.35886	6.32201	8.409415
VSX2_HUMAN.H11MO.0.D	2.19635	3.3402850000000006	6.89285
WT1_HUMAN.H11MO.0.C	1.6832099999999999	2.91026	5.504809999999999
WT1_HUMAN.H11MO.1.B	4.887695	5.766345	7.447725
XBP1_HUMAN.H11MO.0.D	3.7550099999999995	4.523565	6.108625
Z324A_HUMAN.H11MO.0.C	4.46911	5.3872599999999995	7.3365100000000005
Z354A_HUMAN.H11MO.0.C	5.15531	6.157109999999999	8.28266
ZBED1_HUMAN.H11MO.0.D	-8.627334999999999	-6.8390249999999995	-2.733245
ZBT14_HUMAN.H11MO.0.C	1.21229	2.1586849999999997	4.0053600000000005
ZBT17_HUMAN.H11MO.0.A	4.535209999999999	5.44356	7.332160000000001
ZBT18_HUMAN.H11MO.0.C	4.738099999999999	5.685485	7.63282
ZBT48_HUMAN.H11MO.0.C	4.830365	5.851514999999999	7.55037
ZBT49_HUMAN.H11MO.0.D	5.753869999999999	6.515925	7.6176
ZBT7A_HUMAN.H11MO.0.A	3.896025	4.85231	7.521435
ZBT7B_HUMAN.H11MO.0.D	1.0769600000000001	2.3269599999999997	4.952859999999999
ZBTB4_HUMAN.H11MO.0.D	2.71856	3.80481	6.11721
ZBTB4_HUMAN.H11MO.1.D	3.86741	4.71596	6.49391
ZBTB6_HUMAN.H11MO.0.C	3.80991	4.87502	7.01916
ZEB1_HUMAN.H11MO.0.A	5.02046	5.91942	7.536505
ZEP1_HUMAN.H11MO.0.D	5.11684	5.866325	7.4643299999999995
ZEP2_HUMAN.H11MO.0.D	4.69916	5.2938600000000005	6.51391
ZF64A_HUMAN.H11MO.0.D	2.70186	3.71961	5.8400099999999995
ZFHX3_HUMAN.H11MO.0.D	5.802865	6.489274999999999	7.817285
ZFP28_HUMAN.H11MO.0.C	3.06566	4.38941	7.16976
ZFP42_HUMAN.H11MO.0.A	4.508265	5.52527	7.5702549999999995
ZFP82_HUMAN.H11MO.0.C	4.78711	5.87211	8.16036
ZFX_HUMAN.H11MO.0.A	3.6658099999999996	4.842705	7.147465
ZFX_HUMAN.H11MO.1.A	4.06161	4.84576	6.46516
ZIC1_HUMAN.H11MO.0.B	4.76953	5.438345	6.676855
ZIC2_HUMAN.H11MO.0.D	4.61171	5.436909999999999	7.15521
ZIC3_HUMAN.H11MO.0.B	3.74936	4.818059999999999	7.02331
ZIC4_HUMAN.H11MO.0.D	0.19906	1.6902599999999999	4.74291
ZIM3_HUMAN.H11MO.0.C	3.02736	4.41381	7.27791
ZKSC1_HUMAN.H11MO.0.B	2.9149599999999998	4.00316	6.30371
ZKSC3_HUMAN.H11MO.0.D	4.6201099999999995	5.400015	7.045565
ZN121_HUMAN.H11MO.0.C	-0.01489	1.3439100000000002	4.25511
ZN134_HUMAN.H11MO.0.C	3.35196	4.4528099999999995	6.77796
ZN134_HUMAN.H11MO.1.C	3.84546	4.90841	7.14391
ZN136_HUMAN.H11MO.0.C	-0.78569	0.70241	3.89301
ZN140_HUMAN.H11MO.0.C	1.5418100000000001	2.89111	5.75106
ZN143_HUMAN.H11MO.0.A	1.24721	2.57061	5.390409999999999
ZN148_HUMAN.H11MO.0.D	3.75501	4.69956	6.6764600000000005
ZN214_HUMAN.H11MO.0.C	5.34121	6.2592099999999995	8.180610000000001
ZN219_HUMAN.H11MO.0.D	4.02856	4.86166	6.661579999999999
ZN232_HUMAN.H11MO.0.D	1.9435599999999997	3.1926099999999997	5.86456
ZN250_HUMAN.H11MO.0.C	-3.9774900000000004	-2.2622400000000003	1.41436
ZN257_HUMAN.H11MO.0.C	4.212864999999999	5.311685000000001	7.511065
ZN260_HUMAN.H11MO.0.C	-2.52294	-0.87459	2.64576
ZN263_HUMAN.H11MO.0.A	3.00331	4.12346	6.469609999999999
ZN263_HUMAN.H11MO.1.A	3.06401	4.3605849999999995	6.83152
ZN264_HUMAN.H11MO.0.C	4.29181	5.29396	7.42056
ZN274_HUMAN.H11MO.0.A	3.7751099999999997	4.85361	7.14546
ZN281_HUMAN.H11MO.0.A	2.0676099999999997	3.3736099999999998	6.10976
ZN282_HUMAN.H11MO.0.D	5.23421	5.94996	7.42726
ZN317_HUMAN.H11MO.0.C	3.8879099999999998	4.95611	7.228560000000001
ZN320_HUMAN.H11MO.0.C	2.0030099999999997	3.23676	5.83796
ZN322_HUMAN.H11MO.0.B	2.91646	3.9562099999999996	6.166259999999999
ZN329_HUMAN.H11MO.0.C	-2.57989	-0.9330399999999999	2.58641
ZN331_HUMAN.H11MO.0.C	-0.56104	0.8880600000000001	3.97716
ZN333_HUMAN.H11MO.0.D	5.29011	6.016915	7.182055
ZN335_HUMAN.H11MO.0.A	3.41941	4.42136	6.54141
ZN335_HUMAN.H11MO.1.A	5.177685	5.56747	7.5891
ZN341_HUMAN.H11MO.0.C	3.94041	4.92336	6.97856
ZN341_HUMAN.H11MO.1.C	4.697015	5.69267	7.33727
ZN350_HUMAN.H11MO.0.C	6.0026600000000006	6.774360000000001	8.33731
ZN350_HUMAN.H11MO.1.D	4.10496	4.9939599999999995	6.87201
ZN382_HUMAN.H11MO.0.C	2.42116	3.5682599999999995	6.01021
ZN384_HUMAN.H11MO.0.C	5.83543	6.7666900000000005	8.243315
ZN394_HUMAN.H11MO.0.C	6.17986	6.90456	8.396710000000002
ZN394_HUMAN.H11MO.1.D	5.82968	6.691224999999999	8.098125
ZN410_HUMAN.H11MO.0.D	-1.66118	0.07146	3.652165
ZN418_HUMAN.H11MO.0.C	5.0476600000000005	6.02136	8.01811
ZN418_HUMAN.H11MO.1.D	5.67261	6.510145	8.16029
ZN423_HUMAN.H11MO.0.D	0.9958149999999999	1.806765	4.7045449999999995
ZN436_HUMAN.H11MO.0.C	-6.0742899999999995	-4.209490000000001	-0.21809
ZN449_HUMAN.H11MO.0.C	4.1812249999999995	5.255889999999999	7.483560000000001
ZN467_HUMAN.H11MO.0.C	2.1242599999999996	3.4100099999999998	6.119859999999999
ZN490_HUMAN.H11MO.0.C	-7.5209399999999995	-5.51344	-1.21944
ZN502_HUMAN.H11MO.0.C	-1.38024	0.15361	3.44006
ZN524_HUMAN.H11MO.0.D	2.27616	3.4383099999999995	5.82296
ZN528_HUMAN.H11MO.0.C	2.1040599999999996	3.44946	6.28771
ZN547_HUMAN.H11MO.0.C	3.40191	4.47026	6.72646
ZN549_HUMAN.H11MO.0.C	3.2496599999999995	4.400309999999999	6.8380600000000005
ZN554_HUMAN.H11MO.0.C	4.25641	5.16141	7.035360000000001
ZN554_HUMAN.H11MO.1.D	4.80311	5.719335000000001	7.496535
ZN563_HUMAN.H11MO.0.C	4.39326	5.238009999999999	7.001460000000001
ZN563_HUMAN.H11MO.1.C	4.794370000000001	5.554565	7.241515
ZN582_HUMAN.H11MO.0.C	1.80226	3.1334099999999996	5.94771
ZN586_HUMAN.H11MO.0.C	-6.80254	-4.81134	-0.5505899999999999
ZN589_HUMAN.H11MO.0.D	4.54866	5.11711	6.2854600000000005
ZN652_HUMAN.H11MO.0.D	5.250515	6.109395	7.9239999999999995
ZN667_HUMAN.H11MO.0.C	4.84026	5.66206	7.40151
ZN680_HUMAN.H11MO.0.C	0.042910000000000004	1.55681	4.76656
ZN708_HUMAN.H11MO.0.C	2.81281	3.97686	6.42791
ZN708_HUMAN.H11MO.1.D	4.20168	5.1720749999999995	7.212759999999999
ZN713_HUMAN.H11MO.0.D	5.58456	6.48806	8.36796
ZN740_HUMAN.H11MO.0.D	3.0682599999999995	4.39096	6.917160000000001
ZN768_HUMAN.H11MO.0.C	0.9646600000000001	2.35846	5.31001
ZN770_HUMAN.H11MO.0.C	1.8664099999999997	3.07096	5.62496
ZN770_HUMAN.H11MO.1.C	2.839625	4.144215	6.8360650000000005
ZN784_HUMAN.H11MO.0.D	4.29872	5.15718	6.7400199999999995
ZN816_HUMAN.H11MO.0.C	2.87221	4.09731	6.658010000000001
ZN816_HUMAN.H11MO.1.C	5.172409999999999	5.92421	7.483210000000001
ZNF18_HUMAN.H11MO.0.C	3.9070099999999996	4.99155	7.246700000000001
ZNF41_HUMAN.H11MO.0.C	3.17481	4.34836	6.832510000000001
ZNF41_HUMAN.H11MO.1.C	5.29652	6.229134999999999	8.043905
ZNF76_HUMAN.H11MO.0.C	2.3651099999999996	3.57136	6.128959999999999
ZNF85_HUMAN.H11MO.0.C	4.37046	5.46831	7.7690600000000005
ZNF85_HUMAN.H11MO.1.C	4.8423099999999994	5.86831	7.950715000000001
ZNF8_HUMAN.H11MO.0.C	-3.16689	-1.55844	1.8899599999999999
ZSC16_HUMAN.H11MO.0.D	3.90061	4.89921	7.016960000000001
ZSC22_HUMAN.H11MO.0.C	2.7812099999999997	3.90101	6.25801
ZSC31_HUMAN.H11MO.0.C	3.6211599999999997	4.61711	6.735110000000001
ZSCA4_HUMAN.H11MO.0.D	-3.57081	-0.5507599999999999	1.82079